[Actual Positions (Left and Right)]
factualposright = 2.3510604481259484e-38
factualposleft = 1.401298464324817e-45

