[Load Cell Index]
index = 3

[Load Cell Data]
frightcellratedoutput = 0.9717530012130737
frightcellzerobalance = -0.01722400076687336
fleftcellratedoutput = 0.9760550260543823
fleftcellzerobalance = -0.015482000075280666

